-38
-65
58
88
-80
-38
-33
3
-81
32
-24
-14
-80
-79
95
84
-14
49
-99
-28
3
-57
22
33
-86
28
15
-74
41
-72
29
-23
13
-24
3
-77
57
12
93
50
-39
-65
-4
-49
-69
35
79
-37
10
49
22
-32
3
-49
27
-9
-60
-33
-62
-33
-98
77
-91
-94
50
74
2
-40
-78
65
61
53
29
44
-42
26
-3
60
76
66
-100
7
-36
34
17
70
1
-87
66
64
24
19
-23
47
-23
-65
-12
4
73
87
6
-11
-17
50
-39
-21
-61
-70
98
10
34
-64
-29
-59
9
73
77
-19
63
-2
23
82
-86
-73
75
-61
76
91
-76
37
-51
38
73
68
-23
28
-25
58
-64
29
83
83
-100
75
-97
-28
-50
34
68
-39
-60
7
100
89
-39
-13
86
51
60
-73
-78
-69
-98
-22
-58
-31
-8
98
45
95
62
-63
71
70
44
-94
-62
-93
-84
-81
-50
63
-13
29
-32
45
35
-80
-37
68
21
-40
9
-49
-98
-72
-92
-46
-22
-62
-80
1
-50
-92
48
-46
57
12
93
58
-66
-32
-40
-41
-26
-98
47
6
-66
-93
-75
80
52
35
-15
44
40
-45
-53
86
-77
-39
-77
-33
-50
34
78
-80
-50
-85
-55
14
-34
61
-9
98
91
18
-52
-85
-37
-27
61
-44
77
-54
23
53
-57
-38
83
7
24
-88
-68
88
-74
62
82
-63
-52
83
59
75
80
-74
16
-71
-54
90
41
10
-51
-24
-60
-27
31
34
57
-75
-68
97
16
-33
-100
94
4
-44
71
-24
49
-18
-95
-77
-50
27
76
-59
70
92
-42
0
59
35
42
19
-19
-8
68
-27
-10
84
72
-47
-79
3
-21
-52
-41
52
97
3
51
7
84
-13
-91
-58
60
-87
52
21
-16
-39
-87
8
-89
59
88
80
-32
-1
99
59
-77
-29
36
-54
-77
62
-5
-54
21
17
17
-25
-35
-31
-5
-4
61
-96
-61
-58
80
-74
80
53
-57
91
20
76
-82
71
28
71
-22
26
74
20
5
-35
66
-92
-12
-61
-61
27
50
-81
33
56
38
18
-20
86
-72
3
2
-15
33
-48
18
35
-65
-97
-13
37
48
44
3
48
-89
-68
-96
-95
68
-77
99
-87
68
17
20
90
46
-2
77
62
34
28
98
-81
9
-80
-15
-7
50
-43
-38
-40
56
-7
77
38
-37
-17
6
-16
40
-29
25
-35
-43
-13
-73
-62
82
36
15
84
-80
-1
-58
50
11
-72
88
-17
-88
25
96
-59
55
91
4
0
79
69
44
-96
3
-58
-71
-86
70
-91
85
-39
45
-34
39
-49
-79
44
90
79
99
-59
-26
34
-12
64
-91
-27
4
-15
-27
-62
11
-93
49
-96
-25
-81
86
82
-3
-8
-7
-4
-40
62
75
66
-5
44
63
-5
54
-23
-49
-36
-28
-53
92
-44
-12
-23
29
41
-67
-66
22
-83
98
35
38
-5
-77
-3
-75
-22
-27
49
97
17
-82
17
-57
83
-29
90
-7
-9
-40
-86
100
57
9
11
100
95
22
-45
-58
-16
26
74
-2
-44
69
28
-81
-62
-53
91
-29
-14
85
-75
-5
-79
71
-23
-49
-79
86
-65
-49
-32
-9
78
-35
90
86
94
-54
24
-61
64
49
69
70
-62
-11
-5
56
-4
13
-44
-89
80
48
-22
83
-11
-60
-37
90
-66
45
48
-31
0
96
-8
-51
38
-49
56
-73
57
-63
40
-21
-92
-90
-25
5
21
20
-98
30
-71
87
21
66
-93
-53
-100
-67
-26
-62
-38
-97
54
9
-19
50
7
30
-8
10
-24
90
-42
67
78
28
-21
7
55
55
-19
94
71
77
-92
-12
-24
28
-68
-1
57
-30
72
73
-35
-95
11
55
-30
30
37
-91
-28
-17
-91
23
-77
55
20
4
39
41
-37
-29
50
-42
-3
-59
61
98
36
88
-65
35
24
70
86
46
41
39
40
-26
93
82
39
-14
-24
-39
68
86
-14
51
-39
-16
-2
-48
-61
22
-69
-63
86
-52
-7
15
-98
-1
-28
16
32
-30
25
-97
66
41
-49
99
22
-84
32
3
79
-43
79
-86
49
-55
30
-55
-34
-51
51
-92
7
46
-23
26
-5
-97
-58
-62
39
68
-100
-36
56
-6
100
45
3
71
-55
-100
64
-95
-18
98
-30
67
-2
74
-90
-31
-11
96
43
-88
-58
-34
-4
-50
79
-6
14
26
15
-45
-57
-55
-77
-69
-85
14
-27
18
75
-88
71
4
41
-50
47
80
77
89
74
69
40
-55
58
-84
28
-80
0
48
83
-33
92
38
16
-6
88
78
-69
-29
-28
-65
-91
-61
18
-33
20
71
99
-64
-70
95
-71
-84
92
14
71
-35
-33
-53
34
97
36
-91
61
-19
-90
0
-27
-70
66
48
-6
65
-90
-91
-4
37
-92
-32
76
22
67
-79
72
32
-62
54
-77
34
17
-51
-16
43
90
-68
39
-25
-10
-10
35
57
-19
11
81
19
-36
-73
64
-21
-41
58
97
-58
35
83
-98
-49
-47
65
-36
50
-61
13
-37
-81
-85
-26
-58
32
-23
-35
27
-66
-25
-99
67
44
93
57
-27
84
54
18
72
-94
-80
68
-70
-100
-25
-80
-82
-38
31
-23
-22
68
23
48
76
-21
-62
